0	5
	07 05 00 
1	750
	08 ee 02 00 
2	5000
	08 88 13 00 
3	200
	08 c8 00 00 
4	(stat('is7'.accr)/200)*(1-stat('is448'.accr))
	07 07 07 00 01 03 08 c8 00 13 07 01 08 c0 01 07 00 01 03 11 12 00 
5	50
	07 32 00 
6	150
	08 96 00 00 
7	(stat('is7'.accr)/150)*(1-stat('is448'.accr))
	07 07 07 00 01 03 08 96 00 13 07 01 08 c0 01 07 00 01 03 11 12 00 
8	150
	08 96 00 00 
9	250
	08 fa 00 00 
10	(stat('is7'.accr)/250)*(1-stat('is448'.accr))
	07 07 07 00 01 03 08 fa 00 13 07 01 08 c0 01 07 00 01 03 11 12 00 
11	-15
	07 f1 00 
12	225
	08 e1 00 00 
13	(stat('is7'.accr)/225)*(1-stat('is448'.accr))
	07 07 07 00 01 03 08 e1 00 13 07 01 08 c0 01 07 00 01 03 11 12 00 
14	-15
	07 f1 00 
15	200
	08 c8 00 00 
16	(stat('is7'.accr)/200)*(1-stat('is448'.accr))
	07 07 07 00 01 03 08 c8 00 13 07 01 08 c0 01 07 00 01 03 11 12 00 
17	-15
	07 f1 00 
18	175
	08 af 00 00 
19	(stat('is7'.accr)/175)*(1-stat('is448'.accr))
	07 07 07 00 01 03 08 af 00 13 07 01 08 c0 01 07 00 01 03 11 12 00 
20	-15
	07 f1 00 
21	150
	08 96 00 00 
22	(stat('is7'.accr)/150)*(1-stat('is448'.accr))
	07 07 07 00 01 03 08 96 00 13 07 01 08 c0 01 07 00 01 03 11 12 00 
23	-15
	07 f1 00 
24	250
	08 fa 00 00 
25	50
	07 32 00 
26	-15
	07 f1 00 
27	225
	08 e1 00 00 
28	75
	07 4b 00 
29	-15
	07 f1 00 
30	200
	08 c8 00 00 
31	100
	07 64 00 
32	-15
	07 f1 00 
33	175
	08 af 00 00 
34	125
	07 7d 00 
35	-15
	07 f1 00 
36	150
	08 96 00 00 
37	150
	08 96 00 00 
38	-15
	07 f1 00 
39	1500
	08 dc 05 00 
40	100
	07 64 00 
41	1500
	08 dc 05 00 
42	150
	08 96 00 00 
43	1500
	08 dc 05 00 
44	300
	08 2c 01 00 
45	1500
	08 dc 05 00 
46	25
	07 19 00 
47	1500
	08 dc 05 00 
48	15
	07 0f 00 
49	1500
	08 dc 05 00 
50	25
	07 19 00 
51	1500
	08 dc 05 00 
52	300
	08 2c 01 00 
53	1500
	08 dc 05 00 
54	350
	08 5e 01 00 
55	1500
	08 dc 05 00 
56	600
	08 58 02 00 
57	min(stat('is12'.accr)*150,stat('is12'.accr)*10000-stat('is14'.accr))
	07 0c 07 00 01 03 08 96 00 12 07 0c 07 00 01 03 08 10 27 12 07 0e 07 00 01 03 11 01 00 00 
58	150*stat('is12'.accr)
	08 96 00 07 0c 07 00 01 03 12 00 
59	250*stat('is12'.accr)
	08 fa 00 07 0c 07 00 01 03 12 00 
60	250*stat('is12'.accr)
	08 fa 00 07 0c 07 00 01 03 12 00 
61	min(1,500-stat('is185'.accr))
	07 01 08 f4 01 08 b9 00 07 00 01 03 11 01 00 00 
62	min(1,500-stat('is185'.accr))
	07 01 08 f4 01 08 b9 00 07 00 01 03 11 01 00 00 
63	min(1,500-stat('is185'.accr))
	07 01 08 f4 01 08 b9 00 07 00 01 03 11 01 00 00 
64	min(stat('is12'.accr)*2500,stat('is12'.accr)*10000-stat('is14'.accr))
	07 0c 07 00 01 03 08 c4 09 12 07 0c 07 00 01 03 08 10 27 12 07 0e 07 00 01 03 11 01 00 00 
65	2500*stat('is12'.accr)
	08 c4 09 07 0c 07 00 01 03 12 00 
66	min(25,500-stat('is185'.accr))
	07 19 08 f4 01 08 b9 00 07 00 01 03 11 01 00 00 
67	min(25,500-stat('is185'.accr))
	07 19 08 f4 01 08 b9 00 07 00 01 03 11 01 00 00 
68	min(25,500-stat('is185'.accr))
	07 19 08 f4 01 08 b9 00 07 00 01 03 11 01 00 00 
69	750*stat('is12'.accr)
	08 ee 02 07 0c 07 00 01 03 12 00 
70	750*stat('is12'.accr)
	08 ee 02 07 0c 07 00 01 03 12 00 
71	150*stat('is12'.accr)
	08 96 00 07 0c 07 00 01 03 12 00 
72	150*stat('is12'.accr)
	08 96 00 07 0c 07 00 01 03 12 00 
73	250*stat('is12'.accr)
	08 fa 00 07 0c 07 00 01 03 12 00 
74	250*stat('is12'.accr)
	08 fa 00 07 0c 07 00 01 03 12 00 
75	max(1-stat('is185'.accr)/500,0)
	07 01 08 b9 00 07 00 01 03 08 f4 01 13 11 07 00 01 01 00 
76	max(1-stat('is185'.accr)/501,0)
	07 01 08 b9 00 07 00 01 03 08 f5 01 13 11 07 00 01 01 00 
77	max(1-stat('is185'.accr)/500,0)
	07 01 08 b9 00 07 00 01 03 08 f4 01 13 11 07 00 01 01 00 
78	2500*stat('is12'.accr)
	08 c4 09 07 0c 07 00 01 03 12 00 
79	2500*stat('is12'.accr)
	08 c4 09 07 0c 07 00 01 03 12 00 
80	max(25-(stat('is185'.accr)/250)*5,5)
	07 19 08 b9 00 07 00 01 03 08 fa 00 13 07 05 12 11 07 05 01 01 00 
81	max(25-(stat('is185'.accr)/250)*5,5)
	07 19 08 b9 00 07 00 01 03 08 fa 00 13 07 05 12 11 07 05 01 01 00 
82	max(25-(stat('is185'.accr)/250)*5,5)
	07 19 08 b9 00 07 00 01 03 08 fa 00 13 07 05 12 11 07 05 01 01 00 
83	750*stat('is12'.accr)
	08 ee 02 07 0c 07 00 01 03 12 00 
84	750*stat('is12'.accr)
	08 ee 02 07 0c 07 00 01 03 12 00 
85	max(5-stat('is185'.accr)/25,0)
	07 05 08 b9 00 07 00 01 03 07 19 13 11 07 00 01 01 00 
86	max(5-stat('is185'.accr)/25,0)
	07 05 08 b9 00 07 00 01 03 07 19 13 11 07 00 01 01 00 
87	max(5-stat('is185'.accr)/25,0)
	07 05 08 b9 00 07 00 01 03 07 19 13 11 07 00 01 01 00 
88	180000
	09 20 bf 02 00 00 
89	(stat('is7'.accr)*(100+stat('is492'.accr)))/(((1000-stat('is288'.accr))/1000)*675000+75000)
	07 07 07 00 01 03 07 64 08 ec 01 07 00 01 03 10 12 08 e8 03 08 20 01 07 00 01 03 11 08 e8 03 13 09 b8 4c 0a 00 12 09 f8 24 01 00 10 13 00 
90	(stat('is288'.accr)*100)*256
	08 20 01 07 00 01 03 07 64 12 08 00 01 12 00 
91	stat('is375'.accr)
	08 77 01 07 00 01 03 00 
92	ln12*10
	04 00 07 0a 12 00 
93	ln12*10
	04 00 07 0a 12 00 
94	ln12*10
	04 00 07 0a 12 00 
95	ln12*10
	04 00 07 0a 12 00 
96	stat('is386'.accr)
	08 82 01 07 00 01 03 00 
97	stat('is386'.accr)
	08 82 01 07 00 01 03 00 
98	max(1-stat('is186'.accr)/3,0)
	07 01 08 ba 00 07 00 01 03 07 03 13 11 07 00 01 01 00 
99	max(1-stat('is186'.accr)/3,0)
	07 01 08 ba 00 07 00 01 03 07 03 13 11 07 00 01 01 00 
100	max(1-stat('is186'.accr)/3,0)
	07 01 08 ba 00 07 00 01 03 07 03 13 11 07 00 01 01 00 
101	min(5,500-stat('is185'.accr))
	07 05 08 f4 01 08 b9 00 07 00 01 03 11 01 00 00 
102	min(5,500-stat('is185'.accr))
	07 05 08 f4 01 08 b9 00 07 00 01 03 11 01 00 00 
103	min(5,500-stat('is185'.accr))
	07 05 08 f4 01 08 b9 00 07 00 01 03 11 01 00 00 
104	min(2,500-stat('is185'.accr))
	07 02 08 f4 01 08 b9 00 07 00 01 03 11 01 00 00 
105	min(2,500-stat('is185'.accr))
	07 02 08 f4 01 08 b9 00 07 00 01 03 11 01 00 00 
106	min(2,500-stat('is185'.accr))
	07 02 08 f4 01 08 b9 00 07 00 01 03 11 01 00 00 
107	min(3,500-stat('is185'.accr))
	07 03 08 f4 01 08 b9 00 07 00 01 03 11 01 00 00 
108	min(3,500-stat('is185'.accr))
	07 03 08 f4 01 08 b9 00 07 00 01 03 11 01 00 00 
109	min(3,500-stat('is185'.accr))
	07 03 08 f4 01 08 b9 00 07 00 01 03 11 01 00 00 
110	min(4,500-stat('is185'.accr))
	07 04 08 f4 01 08 b9 00 07 00 01 03 11 01 00 00 
111	min(4,500-stat('is185'.accr))
	07 04 08 f4 01 08 b9 00 07 00 01 03 11 01 00 00 
112	min(4,500-stat('is185'.accr))
	07 04 08 f4 01 08 b9 00 07 00 01 03 11 01 00 00 
113	min(6,500-stat('is185'.accr))
	07 06 08 f4 01 08 b9 00 07 00 01 03 11 01 00 00 
114	min(6,500-stat('is185'.accr))
	07 06 08 f4 01 08 b9 00 07 00 01 03 11 01 00 00 
115	min(6,500-stat('is185'.accr))
	07 06 08 f4 01 08 b9 00 07 00 01 03 11 01 00 00 
116	min(7,500-stat('is185'.accr))
	07 07 08 f4 01 08 b9 00 07 00 01 03 11 01 00 00 
117	min(7,500-stat('is185'.accr))
	07 07 08 f4 01 08 b9 00 07 00 01 03 11 01 00 00 
118	min(7,500-stat('is185'.accr))
	07 07 08 f4 01 08 b9 00 07 00 01 03 11 01 00 00 
119	min(8,500-stat('is185'.accr))
	07 08 08 f4 01 08 b9 00 07 00 01 03 11 01 00 00 
120	min(8,500-stat('is185'.accr))
	07 08 08 f4 01 08 b9 00 07 00 01 03 11 01 00 00 
121	min(8,500-stat('is185'.accr))
	07 08 08 f4 01 08 b9 00 07 00 01 03 11 01 00 00 
122	min(9,500-stat('is185'.accr))
	07 09 08 f4 01 08 b9 00 07 00 01 03 11 01 00 00 
123	min(9,500-stat('is185'.accr))
	07 09 08 f4 01 08 b9 00 07 00 01 03 11 01 00 00 
124	min(9,500-stat('is185'.accr))
	07 09 08 f4 01 08 b9 00 07 00 01 03 11 01 00 00 
125	min(10,500-stat('is185'.accr))
	07 0a 08 f4 01 08 b9 00 07 00 01 03 11 01 00 00 
126	min(10,500-stat('is185'.accr))
	07 0a 08 f4 01 08 b9 00 07 00 01 03 11 01 00 00 
127	min(10,500-stat('is185'.accr))
	07 0a 08 f4 01 08 b9 00 07 00 01 03 11 01 00 00 
128	min(11,500-stat('is185'.accr))
	07 0b 08 f4 01 08 b9 00 07 00 01 03 11 01 00 00 
129	min(11,500-stat('is185'.accr))
	07 0b 08 f4 01 08 b9 00 07 00 01 03 11 01 00 00 
130	min(11,500-stat('is185'.accr))
	07 0b 08 f4 01 08 b9 00 07 00 01 03 11 01 00 00 
131	min(12,500-stat('is185'.accr))
	07 0c 08 f4 01 08 b9 00 07 00 01 03 11 01 00 00 
132	min(12,500-stat('is185'.accr))
	07 0c 08 f4 01 08 b9 00 07 00 01 03 11 01 00 00 
133	min(12,500-stat('is185'.accr))
	07 0c 08 f4 01 08 b9 00 07 00 01 03 11 01 00 00 
134	min(13,500-stat('is185'.accr))
	07 0d 08 f4 01 08 b9 00 07 00 01 03 11 01 00 00 
135	min(13,500-stat('is185'.accr))
	07 0d 08 f4 01 08 b9 00 07 00 01 03 11 01 00 00 
136	min(13,500-stat('is185'.accr))
	07 0d 08 f4 01 08 b9 00 07 00 01 03 11 01 00 00 
137	min(14,500-stat('is185'.accr))
	07 0e 08 f4 01 08 b9 00 07 00 01 03 11 01 00 00 
138	min(14,500-stat('is185'.accr))
	07 0e 08 f4 01 08 b9 00 07 00 01 03 11 01 00 00 
139	min(14,500-stat('is185'.accr))
	07 0e 08 f4 01 08 b9 00 07 00 01 03 11 01 00 00 
140	min(15,500-stat('is185'.accr))
	07 0f 08 f4 01 08 b9 00 07 00 01 03 11 01 00 00 
141	min(15,500-stat('is185'.accr))
	07 0f 08 f4 01 08 b9 00 07 00 01 03 11 01 00 00 
142	min(15,500-stat('is185'.accr))
	07 0f 08 f4 01 08 b9 00 07 00 01 03 11 01 00 00 
143	min(16,500-stat('is185'.accr))
	07 10 08 f4 01 08 b9 00 07 00 01 03 11 01 00 00 
144	min(16,500-stat('is185'.accr))
	07 10 08 f4 01 08 b9 00 07 00 01 03 11 01 00 00 
145	min(16,500-stat('is185'.accr))
	07 10 08 f4 01 08 b9 00 07 00 01 03 11 01 00 00 
146	min(17,500-stat('is185'.accr))
	07 11 08 f4 01 08 b9 00 07 00 01 03 11 01 00 00 
147	min(17,500-stat('is185'.accr))
	07 11 08 f4 01 08 b9 00 07 00 01 03 11 01 00 00 
148	min(17,500-stat('is185'.accr))
	07 11 08 f4 01 08 b9 00 07 00 01 03 11 01 00 00 
149	min(18,500-stat('is185'.accr))
	07 12 08 f4 01 08 b9 00 07 00 01 03 11 01 00 00 
150	min(18,500-stat('is185'.accr))
	07 12 08 f4 01 08 b9 00 07 00 01 03 11 01 00 00 
151	min(18,500-stat('is185'.accr))
	07 12 08 f4 01 08 b9 00 07 00 01 03 11 01 00 00 
152	min(19,500-stat('is185'.accr))
	07 13 08 f4 01 08 b9 00 07 00 01 03 11 01 00 00 
153	min(19,500-stat('is185'.accr))
	07 13 08 f4 01 08 b9 00 07 00 01 03 11 01 00 00 
154	min(19,500-stat('is185'.accr))
	07 13 08 f4 01 08 b9 00 07 00 01 03 11 01 00 00 
155	min(20,500-stat('is185'.accr))
	07 14 08 f4 01 08 b9 00 07 00 01 03 11 01 00 00 
156	min(20,500-stat('is185'.accr))
	07 14 08 f4 01 08 b9 00 07 00 01 03 11 01 00 00 
157	min(20,500-stat('is185'.accr))
	07 14 08 f4 01 08 b9 00 07 00 01 03 11 01 00 00 
158	min(21,500-stat('is185'.accr))
	07 15 08 f4 01 08 b9 00 07 00 01 03 11 01 00 00 
159	min(21,500-stat('is185'.accr))
	07 15 08 f4 01 08 b9 00 07 00 01 03 11 01 00 00 
160	min(21,500-stat('is185'.accr))
	07 15 08 f4 01 08 b9 00 07 00 01 03 11 01 00 00 
161	min(22,500-stat('is185'.accr))
	07 16 08 f4 01 08 b9 00 07 00 01 03 11 01 00 00 
162	min(22,500-stat('is185'.accr))
	07 16 08 f4 01 08 b9 00 07 00 01 03 11 01 00 00 
163	min(22,500-stat('is185'.accr))
	07 16 08 f4 01 08 b9 00 07 00 01 03 11 01 00 00 
164	min(23,500-stat('is185'.accr))
	07 17 08 f4 01 08 b9 00 07 00 01 03 11 01 00 00 
165	min(23,500-stat('is185'.accr))
	07 17 08 f4 01 08 b9 00 07 00 01 03 11 01 00 00 
166	min(23,500-stat('is185'.accr))
	07 17 08 f4 01 08 b9 00 07 00 01 03 11 01 00 00 
167	min(24,500-stat('is185'.accr))
	07 18 08 f4 01 08 b9 00 07 00 01 03 11 01 00 00 
168	min(24,500-stat('is185'.accr))
	07 18 08 f4 01 08 b9 00 07 00 01 03 11 01 00 00 
169	min(24,500-stat('is185'.accr))
	07 18 08 f4 01 08 b9 00 07 00 01 03 11 01 00 00 
170	1500
	08 dc 05 00 
171	1500
	08 dc 05 00 
172	515
	08 03 02 00 
173	500
	08 f4 01 00 
174	500
	08 f4 01 00 
175	-428
	08 54 fe 00 
176	3
	07 03 00 
