0	dl12
	04 29 00 
1	dl12
	04 29 00 
2	0
	07 00 00 
3	0
	07 00 00 
4	dl12
	04 29 00 
5	75
	07 4b 00 
6	75
	07 4b 00 
7	dl12
	04 29 00 
8	skill('sk7'.blvl)*5
	07 07 07 29 01 03 07 05 12 00 
9	skill('sk0'.blvl)*15
	07 00 07 29 01 03 07 0f 12 00 
10	skill('sk0'.blvl)*8
	07 00 07 29 01 03 07 08 12 00 
11	skill('sk0'.blvl)*6
	07 00 07 29 01 03 07 06 12 00 
12	skill('sk0'.blvl)*8
	07 00 07 29 01 03 07 08 12 00 
13	skill('sk0'.blvl)*8
	07 00 07 29 01 03 07 08 12 00 
14	skill('sk0'.blvl)*10
	07 00 07 29 01 03 07 0a 12 00 
15	skill('sk0'.blvl)*6
	07 00 07 29 01 03 07 06 12 00 
16	skill('sk0'.blvl)*13
	07 00 07 29 01 03 07 0d 12 00 
17	skill('sk0'.blvl)*10
	07 00 07 29 01 03 07 0a 12 00 
18	((skill('sk0'.blvl)+skill('sk0'.blvl))+skill('sk0'.blvl))*7
	07 00 07 29 01 03 07 00 07 29 01 03 10 07 00 07 29 01 03 10 07 07 12 00 
19	3
	07 03 00 
20	25
	07 19 00 
21	25
	07 19 00 
22	50
	07 32 00 
23	100
	07 64 00 
24	50
	07 32 00 
25	50
	07 32 00 
26	25
	07 19 00 
27	75
	07 4b 00 
28	75
	07 4b 00 
29	100
	07 64 00 
30	((110*lvl)*(dpa2-dpa1))/(100*(lvl+40))+dpa1
	07 6e 04 12 12 04 11 04 10 11 12 07 64 04 12 07 28 10 12 13 04 10 10 00 
31	100
	07 64 00 
32	((110*lvl)*(dpa2-dpa1))/(100*(lvl+40))+dpa1
	07 6e 04 12 12 04 11 04 10 11 12 07 64 04 12 07 28 10 12 13 04 10 10 00 
33	50
	07 32 00 
34	10
	07 0a 00 
35	100
	07 64 00 
36	50
	07 32 00 
37	50
	07 32 00 
38	100
	07 64 00 
39	max(50,80-dl12)
	07 32 07 50 04 29 11 01 01 00 
40	0
	07 00 00 
41	0
	07 00 00 
42	((110*lvl)*(dpa2-dpa1))/(100*(lvl+40))+dpa1
	07 6e 04 12 12 04 11 04 10 11 12 07 64 04 12 07 28 10 12 13 04 10 10 00 
43	((110*lvl)*(dpa2-dpa1))/(100*(lvl+40))+dpa1
	07 6e 04 12 12 04 11 04 10 11 12 07 64 04 12 07 28 10 12 13 04 10 10 00 
44	((110*lvl)*(dpa2-dpa1))/(100*(lvl+40))+dpa1
	07 6e 04 12 12 04 11 04 10 11 12 07 64 04 12 07 28 10 12 13 04 10 10 00 
45	50
	07 32 00 
46	0
	07 00 00 
47	0
	07 00 00 
48	0
	07 00 00 
49	0
	07 00 00 
50	50
	07 32 00 
51	50
	07 32 00 
52	5
	07 05 00 
53	100
	07 64 00 
54	75
	07 4b 00 
55	50
	07 32 00 
56	100
	07 64 00 
57	50
	07 32 00 
58	50
	07 32 00 
59	25
	07 19 00 
60	25
	07 19 00 
61	50
	07 32 00 
62	50
	07 32 00 
63	100
	07 64 00 
64	10
	07 0a 00 
65	50
	07 32 00 
66	50
	07 32 00 
67	50
	07 32 00 
68	50
	07 32 00 
69	50
	07 32 00 
70	50
	07 32 00 
71	50
	07 32 00 
72	50
	07 32 00 
73	50
	07 32 00 
74	50
	07 32 00 
75	50
	07 32 00 
76	50
	07 32 00 
77	50
	07 32 00 
78	50
	07 32 00 
79	50
	07 32 00 
80	10
	07 0a 00 
81	100
	07 64 00 
82	100
	07 64 00 
83	100
	07 64 00 
84	100
	07 64 00 
85	100
	07 64 00 
86	100
	07 64 00 
87	100
	07 64 00 
88	100
	07 64 00 
89	100
	07 64 00 
90	100
	07 64 00 
91	100
	07 64 00 
92	100
	07 64 00 
93	50
	07 32 00 
94	50
	07 32 00 
95	90
	07 5a 00 
96	50
	07 32 00 
97	100
	07 64 00 
98	100
	07 64 00 
99	0
	07 00 00 
100	50
	07 32 00 
101	((110*lvl)*(dpa2-dpa1))/(100*(lvl+40))+dpa1
	07 6e 04 12 12 04 11 04 10 11 12 07 64 04 12 07 28 10 12 13 04 10 10 00 
102	500
	08 f4 01 00 
103	max(75,100-dl12)
	07 4b 07 64 04 29 11 01 01 00 
104	50
	07 32 00 
105	100
	07 64 00 
106	50
	07 32 00 
107	100-dl12
	07 64 04 29 11 00 
